0 0.0054 0 18 0.0054 0 18 0 0 0 0 0 0 0 0 0 0 0 0 0 0 0 36 0 0 0 0 0 0
0.125 0.0363011 0 18.0423 0.0363011 0 18.0423 0 0 0 0 0 0 0 0 0 0 0 0 0 0 0 36.1464 0 0 0 0 0 0
0.25 0.191796 0 17.9309 0.191796 0 17.9309 0 0 0 0 0 0 0 0 0 0 0 0 0 0 0 36.2345 0 0 0 0 0 0
0.375 0.410335 0 17.7458 0.410335 0 17.7458 0 0 0 0 0 0 0 0 0 0 0 0 0 0 0 36.3015 0 0 0 0 0 0
0.5 0.72012 0 17.4643 0.72012 0 17.4643 0 0 0 0 0 0 0 0 0 0 0 0 0 0 0 36.358 0 0 0 0 0 0
0.625 1.11822 0 17.0921 1.11822 0 17.0921 0 0 0 0 0 0 0 0 0 0 0 0 0 0 0 36.4099 0 0 0 0 0 0
0.75 1.60131 0 16.6347 1.60131 0 16.6347 0 0 0 0 0 0 0 0 0 0 0 0 0 0 0 36.4613 0 0 0 0 0 0
0.875 2.17381 0 16.0881 2.17381 0 16.0881 0 0 0 0 0 0 0 0 0 0 0 0 0 0 0 36.5131 0 0 0 0 0 0
1 2.83358 0 15.4546 2.83358 0 15.4546 0 0 0 0 0 0 0 0 0 0 0 0 0 0 0 36.5659 0 0 0 0 0 0
1.125 3.57944 0 14.7358 3.57944 0 14.7358 0 0 0 0 0 0 0 0 0 0 0 0 0 0 0 36.6199 0 0 0 0 0 0
1.25 4.41237 0 13.9307 4.41237 0 13.9307 0 0 0 0 0 0 0 0 0 0 0 0 0 0 0 36.6757 0 0 0 0 0 0
1.375 5.33404 0 13.0379 5.33404 0 13.0379 0 0 0 0 0 0 0 0 0 0 0 0 0 0 0 36.7336 0 0 0 0 0 0
1.5 6.34195 0 12.0602 6.34195 0 12.0602 0 0 0 0 0 0 0 0 0 0 0 0 0 0 0 36.794 0 0 0 0 0 0
1.625 7.43825 0 10.9954 7.43825 0 10.9954 0 0 0 0 0 0 0 0 0 0 0 0 0 0 0 36.8571 0 0 0 0 0 0
1.75 8.62152 0 9.84504 8.62152 0 9.84504 0 0 0 0 0 0 0 0 0 0 0 0 0 0 0 36.9231 0 0 0 0 0 0
1.875 9.89335 0 8.60769 9.89335 0 8.60769 0 0 0 0 0 0 0 0 0 0 0 0 0 0 0 36.9921 0 0 0 0 0 0
2 11.2533 0 7.28381 11.2533 0 7.28381 0 0 0 0 0 0 0 0 0 0 0 0 0 0 0 37.0644 0 0 0 0 0 0
